16:6
Gaza:34.46684799702597:31.501704065964752:City
Beit_Hanoun:34.53676860910133:31.538476592239412:City
Atatra:34.48732411756458:31.559562519125475:City
Jabalia:34.47978386357475:31.529321977652728:City
Al_Mawasi:34.25609303279058:31.348340837575552:City
Khan_Yunis:34.303999975740254:31.346206712124786:City
Zeitoun:34.4496191263176:31.51743580884074:City
Bureij:34.40234703284024:31.438785088019948:City
Nuseirat_Camp:34.3928660328464:31.449892916083623:City
Maghazi:34.38541594817318:31.421732844290005:City
Deir_al_Balah:34.35084511748609:31.417138088179538:City
Bani_Suheila:34.32521103278715:31.342029782704373:City
Salah_Al_Din:34.523671975810295:31.54017538177313:City
Al_Mansheya:34.50793145852147:31.546752648744537:City
Tal_as_Sultan:34.24139303276912:31.30919975737915:City
Al_Bayuk:34.28158094808626:31.26336977206698:City
Gaza:Khan_Yunis:20
Khan_Yunis:Zeitoun:20
Zeitoun:Salah_Al_Din:20
Salah_Al_Din:Al_Mansheya:20
Al_Mansheya:Gaza:20
Khan_Yunis:Salah_Al_Din:20